$ANSIBLE_VAULT;1.1;AES256
61373231613063623733313733346636363831343265666665386130393064306666336361376433
6530626463393061393534643934326334396136383331620a396230303265623833393038376263
36303433616632623230306365346263333835376138373135666533636463396665353331643736
6163333662313735370a303461343230396231663330633963353337653964333237643339363530
37626332336634663131613666333532656536656339663039613563646634383034383236303039
33346331326364396632316666656564353234356434636561313961373432326262386130653037
32633638373139373362333538643337386661626163313433633333646261613361376133383735
32613334366361366432343161646465623061363064336638303935336238303837623465633765
31323439376537316265316666363465393933636636633166326561303437653736333632653834
63303039653463666130333266346136386561626332313966666363623563326235633430303462
34336131646565626165626261373363303063333964393837353333353935393865393232333062
34336663383330333636326232623736643636633762333833653466633934303739343234306666
64613332643135666537303634333034393032666336363934316239626238373331643762306331
65653137316534643061666465666639343832616137613931653936306637653331316563396237
39633431313232336565303234306231636435613939306562303935336363373335643965656566
62323839353962663635393962373338366131363735653461353935663134316434613232626461
66363566656139393439363032616530373239386161346331623036613932396165343434343737
36643830313364643366643466346238346639356437633234646533643061666261393861353737
64343462653339353962626533643435343733643830386265363061636230323533303232646264
66373037333537663535366232333838666432366532386235396133363835663363323466393931
66656363333863656162303762373932336432376439613639386533393032653138383034333761
65373030303630303963333439633333353535636632346166613930383364663161393336383638
64343435353339393536356530343938383362336536636663626563353463356162356561323165
63363137366263326665306534623261373737666534323232646339663230643931343531616463
6562
