$ANSIBLE_VAULT;1.1;AES256
39613139333835323263616432663139333436383964653435353932303961393437643265656233
3364326464656339373231373263646133353737326132310a633839313763376266366364363536
33626138393635393739376463336135363963333466633036323733623634663865663530643038
3436653633336263610a356133316435333362376333393464306663386663353534623562623661
34636566386531343361386565613961373362366266646536623636343164366635383139313036
34356339383738623536323162633535326566366466666534656430666365376266643738356631
35313530343764356135303933666436653533343939343533346265393764616362336234333438
38306264383465646663303132653464336232313336633633303666363563386464326134313830
64656562663335366138393536336335326630393531376630393464656536313263306661316564
37636561333465663230656530613364303330336131653532613961626431356534323638666464
34323863333861666336343639356562366631343165313136366463326166663535363134346663
62613265323066653364323137363937393631363564666530366331616438613636333735316433
62626564633635326636633261616332613834326135626161356431323432356263393165633162
37366263373639646238376361643931323834653636346262376139353031353538363665653264
38396534383238303461386635646165303264623932313734376132303561363330316338346533
31356366663934383536323131623139333337633838643366646431656531663439373139623264
31336163366663383838343065633737653932396266356639333732656334663162656633366363
32303639633338623562636263383031316432373466303731366330336534373237356535663061
32343334653432613861333237336130303332656336373963303061633935363565623734616361
32643662303738336231363264336630616238666262383834313334393835396461393639333730
62643736393037303737383630343935633637303735383235333265626537633437326262623837
35326231663339646565336634663933623230653833373765343863643036373738636466333130
36373139373264393766633262643337343738336334653162373734363438323638383838643632
34643638303035326130303539393736303139343734363866336431643362386132383964346330
33666431366461636138353934653434356339323638333336313465353339343237616265633339
64303264333164303933396565636335363534663435363064663331656139356365373137313034
30356638346132623963373964656133303366356136626333313564666531613863326263376239
65643030363838343736653064316262643933326262666430663633663138363662386137626362
33323638356137373162393639343930333130643131646130313264623164316135643064313034
32643038316538303636613662336162666562613639386230393465376233363064333565663061
34613362356538383233386561636462623436363762366138333431346538313033333962316364
66326166653765663839353235653736353164633564626638346632646461313664316231623839
65323038633561613535636631633333303335386437366661633634336432326333303763613835
32313530346537323234336463666132386434373534353136303832303432666337306463353839
37636635366261306362636539386538383637326638313431373130343833613936616264623964
63396336373962663937666436663030616263353332396437633563333035653165336334356232
38303931653038323166323766393538346134396265613639313630386634386538366631396265
32366262626364626437396638646663646633626132653361316239393636363037303239613965
66313131306633336632306232616132663937393834366430376564323932636563626232646134
36323834393235633563613766306630666439393131633635356661333634643263653362336134
61646530303539386536383033353133303038653364666430333737663166353264396337613263
64616638353734346536393962613762353435396563656666313866333438666433663766353763
31386335376339666563656639633964666531326330633832636262376161653462323765396636
65643833643037653132633130633437353561353332346261656161306164313834383937636435
30323935663537373966306131373034653434653863333863663663623365666635666163353361
61396433643561326232326330636465633937386639613737623237303538663138316664336461
32623066303265343730366261663931363865346564666265623234613433646336623633323765
37613436656264623634306434343762643834373531643035396532613039343435626635356166
36366238626163363133333662326139656435376536613032383066303434386361666561373938
65396561383665376233306434393130346466343437366465333736356432663263623462633663
39353337376533353839643037393062366662623365373263613130643934336366363366393338
64346638616565663233313661336666623532626633356636663633616463336463653265366135
65336531356338393363626336336563383638346566666236633239653266343030373636303737
36643964646433383835633535653166336233376465373231373963653464383564336661623364
30623063396537396163306135363035306537643033643334663438656536396332626565396536
32303162633666376234373365613031323833393065636535393134653139623035653731303334
62323038396264626263633037376138616632656661353539313130303163366464363330346262
31643239393761346630663666353639623239643035333335643762356364636536343861633762
36613761383637323762363836303034616464333364303833393132656637393938373938333166
32363365346661323765656431613230653963653762623231636161313761353635316566343433
61363030363535336261353034343461616664636638616366363862356336633063333134363639
31336133656630326235333933306230653733663330306461373437393765633339383330313831
64306465373630376437343763613533626139646430666334393963666633633836306564363232
34323335326663663630303561353233363939646632393461326463393361343839323562623762
36333336366261636632666132313961636136643764333265653864633536386630626333656136
61396639663732623439343139373735633733613436393030653865643963333436353835303964
63666462623330333038336165363534386364613135313932323366396461363738313037373332
63626166663765373839306334356531656361373835366339373465336333386234353562373135
63633665363037323539333363316664383938316663313065383431393663656562333538353965
62633866353363613337653861396464616230643365336431396662313261373739353238326637
39393635326430303636613135373663386436393632366432653164656263666535326135616564
31653666383939353630
